BEGIN:0
REQUEST-STATUS:4.60000
0;0
ATTACH;00000000;0
ATTACH;000000
ATTACH;00
00000
0
BEGIN:0000
000000
00000;0
ATTACH;0
ATTACH;0
000000;0
ATTACH;0
ATTACH;00
000000000
0000000000
00
0000000000;0
ATTACH;0
ATTACH;0
ATTACH;0
000000;00
000000000
0

BEGIN:0000
000000
00000;0
000000;0
0000000000000000000000000000000000000;0
0;0
0000000000000000000000000000000000000000000000000000000000000000000000000000000000000000000000000000000000000000000000000
000000000
0

BEGIN:000
00000;0
ATTACH;0
ATTACH;0
0000000000000000000070;0
ATTACH;0
ATTACH;0
ATTACH;0
ATTACH;00
000000000
0

BEGIN:000
00000;0
000000;0
ATTACH;0
0;0
0000000
DURATION:0
ATTACH;0
ATTACH;0
000000;0
000000;0
000000;0
000000;00
ATTACH;000000000;0
00000
000;00
000000000
0

BEGIN:0000
000000
00000;0
000000;0
ATTACH;0
ATTACH;0
ATTACH;0
ATTACH;00
000000000
ATTACH;0
0000000000;0
ATTACH;0
ATTACH;0
ATTACH;0
ATTACH;00
000000000
0

00000000
000000000
000000
00000;0
000000;0
000000;0
0;0
0000;00
000000000
0

BEGIN:00000000
000000
00000;0
ATTACH;0
ATTACH;0000000000000000
ATTACH;0
000000
0ATTACH;00
000000000
ATTACH;0
0000000000;0
ATTACH;0
ATTACH;0
000000;0
ATTACH;00
000000000
0

BEGIN:0000000000000000000
00000;0
00000;0
0;0
0000000
DURATION:000
URL;0
ATTACH;0
ATTACH;0
ATTACH;0
ATTACH;0
ATTACH;0
ATTACH;00
ATTACH;00
000000000000;0
00000
00000;0
000000000000
DURATION:000
URL;0
ATTACH;0
ATTACH;0
ATTACH;0
ATTACH;0
ATTACH;0
ATTACH;00
0;00
000000000
000000000000
00
0000000000;0
ATTACH;0
ATTACH;0
ATTACH;0
ATTACH;00
000000000
0

BEGIN:000
00000;0
000000;0
ATTACH;0
0;0
0000000
DURATION:000
URL;0
ATTACH;0
0ù0000000;00
ATTACH;000000000;0
00000
000;00
000000000
0

BEGIN:000000000000
000000
00000;0
000000;0
ATTACH;0
ATTACH;0
ATTACH;0
ATTACH;00
000000000
ATTACH;0
0000000000;0
ATTACH;0
ATTACH;0
ATTACH;0
ATTACH;00
000000000
0

00000000
000000000
000000
00000;0
000000;0
000000;0
0;0
0000;00
000000000
0

BEGIN:000000000000
000000
00000;0
ATTACH;0
ATTACH;0000000000000000
ATTACH;0
000000
0
ATTACH;00
000000000
ATTACH;0
0000000000;0
ATTACH;0
ATTACH;0
000000;0
ATTACH;00
000000000
0

BEGIN:0000000000000000000
00000;0
00000;0
0;0
0000000
DURATION:000
URL;00
0

BEGIN:0000000000000000000
00000;0
000000;0
ATTACH;00
ATTACH;0
ATTACH;0
ATTACH;0
ATTACH;0
ATTACH;0
ATTACH;00
ATTACH;000000000000000;0
00000
00000;0
000000000000
DURATION:000
URL;0
ATTACH;0
ATTACH;0
ATTACH;0
ATTACH;0
ATTACH;0
ATTACH;00
0;00
000000000
000000000000
00
0000000000;0
ATTACH;0
ATTACH;0
ATTACH;0
ATTACH;00
000000000
0

BEGIN:0000000000000000000
00000;0
000000;0ION:000
URL;0
ATTACH;0
ATTACH;0
000000;0
000000;0
000000;0
000000;00
ATTACH;000000000;0
00000
000;00
000000000
0

BEGIN:000000000000
000000
00000;0
000000;0
ATTACH;0
ATTACH;0
ATTACH;0
ATTACH;00
000000000
ATTACH;0
000000000000
ATTACH;0
ATTACH;0
ATTACH;0
ATTACH;00
000000000
0

00000000
000000000
000000
00
ATTACH;0
ATTACH;00
000000000
ATTACH;0
000;0
000000;0
000000;0
000000;0
000000;00
ATTACH;000000000;0
00000
000;00
000000000
0

BEGIN:000000000000
000000
00000;0
000000;0
ATTACH;0
ATTACH;0
ATTACH;0
ATTACH;00000000000
ATTACH;0
0000000000;0
ATTACH;0
ATTACH;0
ATTACH;0
ATTACH;00
000000000
0
0000000
000000000
0000
000000
0
ATTACH;00
000000000
ATTACH;0
0000000000;0
ATTACH;0
ATTACH;0
000000;0
ATTACH;00
000000000
0

BEGIN:000
00000
00000;0
000000000
ATTACH;0
ATTACH;0
ATTACH;0
ATTACH;0
000;00
000000;00
ATTACH;0
00000000000
000000000;0
000000000000;0