BEGIN:0
DTSTART
 ;TZID=0
 :0""""0,0,0000 ,0, , , , , , , 0 , , , , , ,0,0
0
00;
000000000000000000000000000000ÿ0000000000000
0
00;
00:
00;
X-;0,00 , , ,0000 ,0, , 00;
X-;0,00 , 00000000, , , ,000 ,0, 000 , , , 0, , ÿ, , , , 0 , , , , , ,0,0
0
00;
00:
00;
X-;0,0;
X-;0,00 , 00000000, , , ,000 ,0, 000 , , , , , 0 ,0
0
00;
00:
00;
X-;0,00 , , ,0000 ,0, , , , , , , 0 , , , , , ,0,0
0
00;
000000000000000000000000000000ÿ0000000000000
0
00;
00:
00;
X-;0,00 , , ,0000 ,0, , 00;
X-;0,00 , 00000000, , , ,000 ,0, 000 , , , , , , ,0
0
00;
000;
0
00;
00:
00;
X-;0,003, , ,0000 ,0, , , , , , , , , , , , ,
