BEGIN:0
BLENDAR
0
XL;""
X-;"
X-;:000
BEGIN:00000000
0:
0
0;:
0
0;
X;TZID=0000000000000000000000000000000000000000:00000000000000000000000000000000:00000000000000000000000000000000000000000000000000000000000000000000000000000000000000000000000000000000000000000000000000000000000000000000000000000000000000000000000000000000000000000000000000000000000000000000000000000000000000000000000000000000000000000000000000000000000000000000000000000000000000000000000000000,0,0,ÿÿÿ0,0,0,0,0,00000000000000000,0,0,000000000000000,0,0,0,0000000000000,00,0000000000000000000000000000000000000000000000000000000000000000000,0,0,0,0,000000000000000ç000000YYYYYYYYYYYYYYYYYYYYYYYYYYYYYYYY000000000000000000000000000000000000000000000p0000000000000000000,0,0,0,0,0,0,0,0,0,0,0000000000000000000000000000,0,0,0,0,0,0,0,0,0,0,0,00,0,0,0,0,0,000,0,0,0,0,0,0,0,0,0,0,0,0,0,0,0,0,0,0,0,0,0,0,0,0,0,0,0,0,0,0,0,000000;00000000000000000000000000000000000000000000000000000000000000000000,0,0,000000000000000,0,0,0000