BEGIN:
CALENDAR
DURAT1O00000000N:P0:
0:;
0:
0
0;
0:
0
0;
X;TZID=0000000000000000000000000000000000000000000000:00000000000000000000000000000000:00000000000000000000000000000000000000000000000000000000000000000000000000000000000000000000000000000000000000000000000000000000000000000000000000000000000000000000000000000000000000000READER000000000000000000000000F00000000000000000000000;TZI%=000000000000000000000000000000p000000000000000:00000000000000000000000000000000:0VS 00000000000000000000000000000000000000000,0,4,0,0000000000000,00,000000000000000000000000000000000000000000000000000000000,0,0,0,0,0,0,0,0,0,0,0,0,0,0,0,0,0,0,0,0,0,0,0,0,0,0,0,0,0,0,0,0,0,0,0,0,0,0,0,0,0,0,0,0,0,0,0,0,0,0,0,0,0,0,0,0,0,0,0,0,0,0,0,0,0,0,0,0,0,0,0,0,0,0,0,0,0,0,0,0,,0,0,0,0,0,0,0,0,0,0,0,0,0,0,0,0,0,0,0,0,0,0,0,0,0,0,0,0,0,0,0,0,0,0,0,0,0,0,0,0,0,0,0,0,0,0,0,0,0,0,0,0,0,0,0,00,0,0,0,0,0,TRAVEL0,0,0,0,0,0,0,0,0,0,0,0,0,050,0,0,0,0,0,0,0,0,0,0,0,0,0,0,0,0,0,0,0,0,0,0,0,0,0,0,0,0,0,0,0,0,0,0,0,0,0,0,0,0,000000000000000000000000000000000000000000000000000000000000000000000000000000000000000000,0,0,0,0000