BEGIN:VCALENDAR
0
0:
0
0
0
0
0
0
0
0
0
0
0
0
0
0
RDU
0

0
0
0
0
0
0
0
0
0
0
0
0
0
0
0
0
ÿÿÿÿ0
0
0
0
0
0
0
0
0
0
0
0
0
0
0
0
0
0
0
0
0
0
0
0
0
0
0
0
0
0
0
0
0
0
0
0
0
0
0
0
0
0
0
0
0
7
0
0
0
0
0
0
0
0
0
0
0
0
0
0
0
0
0
0
0
0
0
0
0
0
0:
0
0
0
0
0
0
0
0
0
0
0
0
0

0
0
0
0
0
0
0
0
0
0
0
0
0
0
0
0
0
0
0
0
0
0
0
0
0
0
0
0
0
0
0
0
0
0
0
0
0
0
0
0
0
0
0
0
0
0
0
0
0
0
0
0
0
0
0
0
;
0
0
0
0
0
0
0
0
0
0
0
0
0
0
0
0
0
0
0
0
0
0
0
0
0
0
0
0
0
0
0
0
0
0
0
0
0
0
0
0
0
0
0
0
0
0
0
0
0
0
0
0
0
0
00000000:000000000000000000000000000000
000000
X;000000000000000000000000000000000000000000000000000;0000000000
000000000000000000000000000:
X;TZID=:00000
0;
X;TZID=0000000000000000000000000000000000000000000000:0000000000000000000000000000000000000000000000000000000000000000000000000;0000000000000000000000000000000000000000000000000000000000000000000000000000000000000000000000000000000000000000000000000000000000000000000000000000000000000000000=:
DTSTART;TZID=:0:0
BEGIN:VTIMEZONE
END:00000000
END:0000
BEGIN:000000000
X-000:000
000:0000000
00000000000000000000000000000000000000000000:0000000000000000000000000000000000
000000
X;00000000000000000000000000000000000000000000?0000000;0000000000
000000000000000000000000000:
X;TZID=:00000
0;
X;TZID=00000000000000000000000REQUEST
00000000000000000000000:0000000000000000000000000000000000000000000000000000000000000000000000000;00000000000000000000000000000000000000000000000000000000000ÂÂÂÂÂÂÂÂÂÂÂ0000000000000000000000002000000000000000000000000000000000000000000000000000000000000000000000000000000=:
DTSTART;TZID=:000:0
BEGIN:VTIMEZONE
END:00000000
END:0000
BEGIN:000000000
X-000:000
000:0000000
DTSTRAVELZID=:
DTSTART;00000;0000000000000000000000000000000000000000000000000000000000000000000000000000000
END:0000
BEGIN:000000000
X-000:000
000:0000000
00000000000000000000000000000000000000000000000000000000000000000000000:0000000000000000000000000000000000
000000
X;0000000000000000000000000000000000000000000000000000;0000000000
000000000000000000000000000:
X;TZID=:00000
0;
X;TZID=000000000000000000000000000000000000000:0000000000000000000000000000000000000000000000000000000000000000000000000;0000000000000000000000000000000000000000000000000000000000000000000000000000000000000000000000000000000000000000000000000000000000000000000000000000000000000000000=:
DTSTART;TZID=:000:0
BEGIN:VTIMEZONE
END:00000000
END:0000
BEGIN:000000000
X-000:000
000:0000000
DTSTART;TZID=:
DTSTART;00000;000000000000000000000000000000000000000000000000000000000000000000000000000000000000000000000000000000000000000000000000000000000
000000000000000000000000000:
X;TZID=:0000000
0;000000000
X;000000000000000000000000000000000000000000000000000000000000000;0000000000000000000000000000000000000000000000000000000000000000000000000000000000000000000000000000000000000000000000000000000000000000000000000000000000000000000000000000000000000000000000000000
000000000000000000000000000:
X;TZID=:0020000
0;000000000
X;TZID=0000000000000000000000000000000000000000000000000000000000;00000000000000000000000000000000000000000000000000000000000000000000€000000000000000000000000000000000000000000000000000000000000000000000000000000000000000000000000=: