0:
0: 
BEGIN:VCJOHNSMITHALENDAR
METHOD:REPLY
0
QUERY;0
QU
0
0
0
"
0
0
0
0
0
0
0
0
0
0
0
0
0
0
0
0
0
0
0
0
0
0
0
0
0
0
0
0
0
0
0
0
0 0
0
0
0
0
0
0
0
0
0
0
0
0
0
0
0
0
0
0
0
0
0
0
0
0
0
0
0
0
0
0
0
0
0
0
0
0
0
0
0
0
0
0
0
0
0
0
0
0
0
0
0
2
0:
0
0
0J0
0
0
0
0
0
0
0
0
0
0
0
0
0
0
0
0
0
0
0
A
0
0

2
0:
0
0
0

0
0
0
0
0
0
0
0
0
0
0
0
0
0
0
0
0
0
0
0
0
0
0
0
0
0
0
0
0
0
0
0
0
0
0
0
0
0

0
0
0
0
0

0
0
0
0
0
0
0
0
0
0
0
0
'
0
0
0
0
00
0
0
0
0
0
0
0
0
0
0
0
0
0
0
0
0
0
0
0
0
0
0
0
0Y
0
0
0
0
0
0Ë0
0
0
0
0
0
0:
END:0
