BEGIN:
BEGINDAR
0
X-;""
X-;"
X-;:000
BEGIN:00000000
0:
0
0;:
0
0;
X;TZID=0000000000000000000000000000000000000000:00000000000000000000000000000000:0000000?00000000000000000000000000000000000000000000000000000000000000000000000000000000000000000000000000000000000000000000000000000000000000000000000000000000000000000000000000000000000000000000000000000000000000000000000000;TZID=000000000000000000000000000000000000000000000000000:00000000000000000000000000000000:000000000,0,0,0,0,0, ,0,0,0,00000000000000000,0,0,000000000000000,0,0,0,0000000000000,00,0000000000000000000000000000000000000000000000000000000000000000000,0,0,0,0,0,0,0,0,0,0,0,0,0,0,0,0,0,00000000000,0,0,0,0,0,0,0,0,0,0,0,0,0,0,0,0,0,0,0,0,0,0,0,0,0,0,0,0,0,0,0,0,0,0,0,0000000000000000000000000000,0,0,0,0,0,0,0,0,0,0,0,00,0,0,0,0,0,000,0,0,0,0,0,0,0,0,0,0,0,0,0,0,0,0,0,0,0,0,0,0,0,0,0,0,0,0,0,0,0,MP000000000000000000000000000000000000000000000000000000000000000000000000000,0,0,000000000000000,0,0,0000