BEGIN:

000
0
0
0
0
0
RRULE:FREQ=YEARLY;BYMONTHDAY=,,,,0,0000000,0,,,000,0,,,0,0;BYMONTHDAY=,0,,,0,00000,0,,,0,00000,0,,,0,00000,0,,,0,0;BYMONTHDAY=,0,,,0,00000,0,,,0,00000,0,,,0,00000,0,,,0,0;BYMONTHDAY=,0,,,0,00000,0,,,0,00000,0,,,0,0000000000000,0,,,0,00000000000000000;BYMONTHDAY=,0,,,0,0000000000000,0,,0,000"000000000,0,,,0,0000000000000,0,,,0,00000000000000000;BYMONTHDAY=,0,,,0,0000000000000,0,,,0,0000000000000,0,,,0,0000000000000,0,,,0,00000000000000000;BYMONTHDAY=,0,,,0,0000000000000,0,,,0,0000000000000,0,,,0,0000000000000,0,,,0,00000000000000000;BYMONTHDAY=,0,,'0,0000000000000,0,,,0,0000000000000,0,,,0,0000000000000,0,,,0,00000000000000000;BYMONTHDAY=,0,,,0,0000000000000,0,,,0,0000000000000,0,,,0,0000000000000,0,,,0,00000000000000000;BYMONTHDAY=,0,,,0,0000000000000,0,,,0,0000000000000,0,,,0,0000000000000,0,,,0,00000000000000000;BYMONTHDAY=,0,,,0,0000000000000,0,,,0,0000000000000,0,,,0,0000000000000,0,,,0,00000000000000ÿÿÿBYMONTHDAY=,0,,,0,0000000000000,0,,,0,0000000000000,0,,,0,0000000000000,0,,,0,00000000000000000;BYMONTHDAY=,0,,,0,0000000000000,0,,,0,0000000000000,0,,,0,0000000000000,0,,,0,00000000000000000;BYMONTHDAY=,0,,,0,0000000000000,0,,,0,0000000000000,0,,,0,00START;TZID=:0:0
BEGIN:VTIMEZONE
END:00000000
END:0000
BEGIN:000000000
X-000:000
000:000
00000000000000000000000000000000000000000000:000000
000000
X;0000000000000003000000000000000000000000000000000000;0000000000
000000000000000000000000000:
X;TZID=:00000
0;
X;TZID=0000000000000000000000000000000000000000000000:00000000000000000000000000000000000000000000000000000000000000000000000000000000000000000000000000000000000000000000000000000000000;0000000000000000000000000000000000000000000000000000000000000I0000000000000000000000000000000000000000000000000000000000000000000000000000000000000000000000000000=:
DTSTART;TZID=:0:0
BEGIN:VTIMEZONE
END:00000000
END:0000
BEGIN:000000000
X-000:000
000:0000000
DTSTART;TZID=:
DTSTART;00000;000000000000000000000000000000000000000000000000000000000000000000000000000000000000000000000000000000000000000000000000000000000
000000000000000000000000000:
X;TZID=:0000000
0;000000000
X;TZID=0000000000000000000000000000000000000000000000000000000000;000000000000000000000000000000000000000000000000000000000000000000000000000000000000000000000000000000000000000000000000000000000000000000000000000000000000000000000=: